10154 3449.3
10502 4281.52
11735 7866.32
11986 8278.94
11987 8282.26
11989.333 8287.61
11990.312 8291.01
11991.323 8294.23
11992.403 8297.92
11993.352 8301.06
11994.875 8305.48
11996.333 8309.47
12000.49 8326.54
12009.312 8358.83
12014.5 8378.49
12019.449 8397.78
12022.59 8408.5
12029.431 8441.56
12035.44 8481.51
12043.448 8527.3
12047.444 8542.78
12054.646 8560.68
12063.472 8620.15
12071.438 8668.18
12077.521 8698.45
12084.417 8734.34
12091.458 8776.15
12106.427 8859.26
12112.419 8880.7
12126.549 8931.53
12141.834 8974.48
12147.49 8991.24
12154.521 9019.97
12158.406 9026.85
12164.615 9026.86
12168.479 9034.19
12182.427 9047.71
12189 9056.84
12197.406 9067.83
12211.448 9078.07
12225.458 9086.35
12231.424 9089.64
12245.438 9097.83
12252.438 9101.74
12260.764 9106.18
12279.333 9114.92
12285.385 9117.02
12302.625 9117.48
12308.458 9121.66
12315.417 9126.23
12323.427 9131.36
12336.458 9156.78
12344.438 9178.68
12358.517 9232.3
12371.5 9273.4
12378.49 9298.37
12386.438 9322.69
12393 9353.51
12411.448 9446.83
12427.444 9529.69
12434.479 9562.92
12449.448 9648.4
12456.438 9669.03
12468.615 9726.57
12476.559 9772.94
12492.545 9856.64
12526.444 9936.05
12540.476 9954.81
12558.771 9989.12
12596.809 10025.26
12617.458 10039.5
12658.438 10052.37
12665.438 10057.15
12687.483 10077.41
12690.312 10080.61
12691.312 10081.95
12692.314 10083.36
12693.431 10084.84
12694.396 10086.15
12696.312 10088.3
12697.316 10088.96
12698.312 10089.9
12699.309 10091.05
12700.42 10092.73
12702.316 10095.9
12703.312 10098.05
12704.308 10100.44
12705.324 10102.69
12706.31 10104.69
12707.465 10106.89
12708.448 10109.38
12709.312 10111.85
12710.316 10114.67
12715.747 10116.66
12716.322 10118.1
12717.309 10119.61
12718.312 10121.41
12719.309 10123.41
12720.312 10125.05
12721.458 10128
12723.399 10131.87
12724.333 10134.96
12725.309 10137.16
12728.427 10144.54
12729.432 10147.71
12730.312 10150.64
12731.308 10154.72
12732.311 10159.08
12733.326 10164.27
12736.417 10178.71
12743.736 10206.11
12749.427 10234.5
12757.438 10272.28
12760.854 10288.74
12770.545 10346.36
12777.458 10384.36
12784.546 10420.98
12791.472 10449.04
12798.5 10474.91
12806.396 10511.63
12813.597 10554.59
12819.503 10583.92
12826.469 10615.83
12840.493 10693.47
12848.833 10747.39
12854.479 10776.61
12862.39 10801.99
12875.427 10819.21
12896.406 10863.05
12918.549 10904.88
12932.51 10924.11
12937.326 10927.67
12959.463 10949.15
12966.424 10953.87
12990.61 10957.1
13001.42 10964.33
13029.443 10986.49
13037.51 10991.79
13051.465 11000.62
13058.469 11009.91
13070.455 11019.38
13085.453 11043.21
13099.406 11065.47
13113.833 11129.46
13127.479 11190.02
13142.5 11258.74
13155.569 11323.98
13170.531 11395.28
13177.55 11436.29
13184.451 11474.57
13190.465 11504.91
13205.444 11574.21
13211.524 11607.94
13225.483 11677.92
13240.604 11727.66
13255.847 11774.94
13268.75 11798.33
13282.448 11813.8
13302.439 11842.43
13309.422 11851.01
13317.604 11856.67
13355.337 11868.67
13366.438 11874.57
13388.615 11887.28
13389.625 11889.17
13408.434 11903.02
13421.149 11910.44
13449.451 11931.09
13464.497 11970.66
13479.316 12011.08
13492.712 12049.61
13499.601 12073.81
13506.448 12101.78
13515.615 12124.95
13533.451 12186.61
13549.333 12258.11
13562.392 12311.2
13582.559 12378.25
13612.451 12456.24
13637.865 12480.27
13675.33 12507.03
13710.33 12515.5
13743.792 12544.64
13751.882 12549.93
13765.46 12559.12
13782.319 12577.08
13800.469 12599.42
13814.74 12636.52
13835.513 12705.59
13848.438 12754.11
13872.427 12857.26
13890.424 12932.21
13904.434 12980.7
13933.639 13082.33
13940.476 13102.96
13962.5 13184.5
13989.797 13273.28
14000.851 13288.63
14023.549 13307.33
14038.436 13316.83
14058.538 13329.92
14066.743 13334.07
14077.399 13339.99
14094.458 13350.31
14122.5 13367.74
14133.84 13374.19
14174.361 13425.09
14213.84 13560.42
14227.427 13626.7
14235.888 13664.5
14237.691 13671.39
14246.642 13713.1
14250.312 13737.39
14251.84 13750.86
14256.844 13788.15
14261.688 13813.41
14269.549 13851
14286.476 13931.33
14289.531 13947.78
14294.33 13971.57
14304.583 14008.37
14310.389 14034.55
14315.794 14055.5
14330.358 14104.86
14337.448 14127.06
14343.837 14130.25
14346.722 14131.43
14353.708 14138.81
14357.316 14142.5
14360.729 14146.65
14365.413 14152.21
14373.413 14162.38
14380.5 14168.85
14381.427 14169.15
14385.823 14172.07
14389.819 14174.98
14394.4 14177.81
14399.82 14181.33
14406.486 14185.43
14409.578 14187.51
14415.448 14191.44
14420.74 14194.99
14429.44 14200.42
14453.656 14204.02
14456.83 14205.77
14458.781 14206.22
14461.349 14207.88
14471.426 14213.51
14478.411 14217.58
14485.42 14221.65
14492.424 14226.03
14499.475 14230.11
14504.304 14233.62
14513.456 14239.29
14517.323 14241.61
14527.385 14259.18
14538.823 14286.53
14548.413 14308.01
14555.497 14327.13
14562.632 14351.93
14569.41 14369.05
14577.472 14390.12
14582.337 14408.73
14590.457 14441.21
14598.797 14492.11
14601.438 14509.3
14605.462 14530.93
14606.433 14536.15
14613.632 14565.65
14615.46 14579.67
14618.451 14599.94
14625.413 14644.33
14632.417 14681.04
14638.788 14721.5
14646.427 14763.99
14653.465 14806.94
14659.502 14841.01
14667.399 14874.08
14672.314 14894.36
14681.472 14941.07
14689.462 14970.52
14695.385 14989.23
14731.853 15077.07
14738.426 15098.78
14744.644 15118.51
14752.506 15133.45
14759.533 15139.6
14766.522 15144.48
14779.568 15153.56
14786.596 15159.18
14800.49 15167.34
14821.385 15178.96
14828.424 15182.88
14832.328 15184.4
14849.888 15190.83
14857.711 15195.24
14861.413 15201.38
14886.322 15243.57
14891.79 15249.1
14906.477 15285.62
14914.428 15317.42
14926.428 15354.96
14935.887 15390.89
14936.867 15395.06
14937.854 15398.82
14940.523 15410.93
14947.383 15456.91
14954.483 15500.15
14955.429 15503.62
14956.334 15507.57
14958.853 15521.57
14961.415 15534.74
14965.863 15557.53
14968.547 15570.13
14970.735 15580.15
14974.442 15595.96
14979.749 15619.37
14983.677 15635.6
15003.441 15740.73
15017.765 15798.22
15023.315 15814.63
15039.587 15875.38
15053.42 15912.2
15059.488 15926.3
15073.396 15951.16
15080.401 15964.6
15086.569 15974.52
15094.488 15980.22
15101.467 15989.3
15109.456 15994.71
15115.464 16000.43
15122.384 16004.81
15130.417 16008.8
15138.451 16014.25
15150.423 16022.35
15164.665 16031.56
15171.773 16036
15178.919 16040.82
15192.488 16049.92
15199.62 16055.1
15203.356 16057.22
15221.736 16058.09
15228.412 16061.92
15235.367 16066.36
15248.467 16075.14
15255.493 16079.14
15262.497 16091.42
15269.465 16105.25
15276.493 16121.42
15283.451 16133
15290.393 16150.37
15297.54 16173.12
15304.396 16193.09
15325.696 16270.28
15333.568 16300.88
15337.649 16312.95
15341.317 16323.45
15342.317 16327
15343.324 16330.67
15346.533 16343.16
15354.458 16368.98
15357.326 16380.96
15360.464 16393.1
15367.714 16420.33
15375.463 16461.38
15381.422 16499.45
15383.324 16511.23
15388.565 16534.53
15391.661 16546.29
15395.439 16557.69
15402.492 16576.54
15413.453 16606.43
15424.428 16629.42
15430.796 16645.4
15439.632 16671.86
15445.483 16687.95
15452.783 16707.13
15459.413 16721.23
15466.502 16730.72
15473.609 16742.11
15488.513 16760.15
15498.771 16767.43
15521.415 16784.64
15530.828 16789.82
15557.448 16798.98
15570.455 16806.82
15592.74 16817.78
15606.463 16832.42
15613.744 16840.96
15620.622 16850.24
15626.465 16861.33
15633.495 16874.89
15648.764 16913.82
15661.438 16948.76
15669.501 16970.68
15690.524 17051.77
15697.485 17073.78
15704.653 17096.75
15710.533 17115.69
15718.44 17141.73
15725.542 17178.35
15732.458 17210.99
15739.533 17236
15742.652 17248.22
15745.607 17261.25
15751.799 17290.15
15760.451 17326.47
